REGION	POS	REF	ALT	REF_DP	REF_RV	REF_QUAL	ALT_DP	ALT_RV	ALT_QUAL	ALT_FREQ	TOTAL_DP	PVAL	PASS	GFF_FEATURE	REF_CODON	REF_AA	ALT_CODON	ALT_AA
NC_045512.2	95	T	C	2	0	33	1	0	36	0.333333	3	0.6	FALSE	NA	NA	NA	NA	NA
NC_045512.2	241	C	T	0	0	0	21	8	40	1	21	3.71569e-12	TRUE	NA	NA	NA	NA	NA
NC_045512.2	254	C	G	19	7	44	2	1	40	0.0952381	21	0.256098	FALSE	NA	NA	NA	NA	NA
NC_045512.2	354	G	A	748	104	38	1	0	33	0.00133511	749	0.500334	FALSE	NA	NA	NA	NA	NA
NC_045512.2	360	G	A	740	102	32	1	0	41	0.00134953	741	0.500338	FALSE	NA	NA	NA	NA	NA
NC_045512.2	361	A	G	745	103	34	1	0	34	0.00134048	746	0.500335	FALSE	NA	NA	NA	NA	NA
NC_045512.2	363	A	G	746	102	36	1	0	37	0.00133869	747	0.500335	FALSE	NA	NA	NA	NA	NA
NC_045512.2	389	G	T	750	105	39	3	0	29	0.00398406	753	0.946129	FALSE	NA	NA	NA	NA	NA
NC_045512.2	403	T	C	732	348	58	1	0	77	0.00136426	733	0.500341	FALSE	NA	NA	NA	NA	NA
NC_045512.2	410	G	A	731	348	65	2	1	55	0.00272851	733	0.250171	FALSE	NA	NA	NA	NA	NA
NC_045512.2	417	G	A	714	356	58	6	3	78	0.00833333	720	0.0155272	FALSE	NA	NA	NA	NA	NA
NC_045512.2	434	G	-A	791	421	60	4	0	20	0.00505689	791	0.889551	FALSE	NA	NA	NA	NA	NA
NC_045512.2	439	A	C	779	420	61	13	7	38	0.0164141	792	0.000117121	TRUE	NA	NA	NA	NA	NA
NC_045512.2	440	G	A	771	409	60	4	2	39	0.00516129	775	0.0624191	FALSE	NA	NA	NA	NA	NA
NC_045512.2	461	C	T	615	361	66	1	1	26	0.00162075	617	0.99232	FALSE	NA	NA	NA	NA	NA
NC_045512.2	461	C	A	615	361	66	1	1	37	0.00162075	617	0.5	FALSE	NA	NA	NA	NA	NA
NC_045512.2	470	G	A	614	364	62	1	1	27	0.00162602	615	0.992364	FALSE	NA	NA	NA	NA	NA
NC_045512.2	479	A	C	620	578	35	1	1	39	0.00161031	621	0.500403	FALSE	NA	NA	NA	NA	NA
NC_045512.2	498	C	A	611	572	40	1	1	41	0.00163399	612	0.500409	FALSE	NA	NA	NA	NA	NA
NC_045512.2	500	G	A	608	569	39	1	1	33	0.00164204	609	0.500411	FALSE	NA	NA	NA	NA	NA
NC_045512.2	509	G	T	610	572	40	1	1	28	0.00163666	611	0.992366	FALSE	NA	NA	NA	NA	NA
NC_045512.2	574	A	C	3	2	34	1	0	41	0.25	4	0.571429	FALSE	NA	NA	NA	NA	NA
NC_045512.2	670	T	G	0	0	0	5	3	46	1	5	0.00793651	TRUE	NA	NA	NA	NA	NA
NC_045512.2	1471	C	T	2	1	40	2	0	55	0.5	4	0.285714	FALSE	NA	NA	NA	NA	NA
NC_045512.2	1490	T	G	1169	522	34	1	1	20	0.000854701	1170	0.999764	FALSE	NA	NA	NA	NA	NA
NC_045512.2	1491	G	A	1166	518	39	2	1	34	0.00171233	1168	0.500321	FALSE	NA	NA	NA	NA	NA
NC_045512.2	1495	G	A	1177	529	40	3	2	47	0.00254237	1180	0.125	FALSE	NA	NA	NA	NA	NA
NC_045512.2	1500	C	T	1179	538	37	2	1	41	0.00169348	1181	0.250106	FALSE	NA	NA	NA	NA	NA
NC_045512.2	1512	G	A	1177	548	41	2	1	66	0.00169635	1179	0.250106	FALSE	NA	NA	NA	NA	NA
NC_045512.2	1519	C	T	1179	556	41	2	0	61	0.00169348	1181	0.250106	FALSE	NA	NA	NA	NA	NA
NC_045512.2	1521	A	G	1178	555	40	2	1	26	0.00169492	1180	0.998339	FALSE	NA	NA	NA	NA	NA
NC_045512.2	1527	C	T	1175	563	42	4	2	36	0.00339271	1179	0.1875	FALSE	NA	NA	NA	NA	NA
NC_045512.2	1534	G	A	1183	563	40	2	1	38	0.00168776	1185	0.500317	FALSE	NA	NA	NA	NA	NA
NC_045512.2	1541	C	T	1181	567	39	1	0	73	0.000846024	1182	0.500212	FALSE	NA	NA	NA	NA	NA
NC_045512.2	1554	A	T	1183	567	41	2	1	38	0.00168776	1185	0.500317	FALSE	NA	NA	NA	NA	NA
NC_045512.2	1555	C	T	1183	567	42	2	1	38	0.00168776	1185	0.500317	FALSE	NA	NA	NA	NA	NA
NC_045512.2	1559	G	A	1184	567	42	2	1	37	0.00168634	1186	0.500316	FALSE	NA	NA	NA	NA	NA
NC_045512.2	1575	G	A	1184	568	42	1	0	75	0.000843882	1185	0.500211	FALSE	NA	NA	NA	NA	NA
NC_045512.2	2334	C	T	1	0	76	1	1	37	0.5	2	0.666667	FALSE	NA	NA	NA	NA	NA
NC_045512.2	2398	G	A	1	1	33	1	1	38	0.5	2	0.666667	FALSE	NA	NA	NA	NA	NA
NC_045512.2	2808	G	T	1	1	38	2	0	41	0.666667	3	0.3	FALSE	NA	NA	NA	NA	NA
NC_045512.2	2832	A	G	0	0	0	2	0	37	1	2	0.333333	FALSE	NA	NA	NA	NA	NA
NC_045512.2	2954	T	C	1	0	41	2	0	34	0.666667	3	0.3	FALSE	NA	NA	NA	NA	NA
NC_045512.2	3037	C	T	0	0	0	8	7	45	1	8	0.0001554	TRUE	NA	NA	NA	NA	NA
NC_045512.2	3259	G	A	0	0	0	1	1	79	1	1	1	FALSE	NA	NA	NA	NA	NA
NC_045512.2	4790	G	A	1	1	41	1	1	38	0.5	2	0.666667	FALSE	NA	NA	NA	NA	NA
NC_045512.2	7124	C	T	0	0	0	1	1	81	1	1	1	FALSE	NA	NA	NA	NA	NA
NC_045512.2	8393	G	A	2	1	38	2	1	35	0.5	4	0.285714	FALSE	NA	NA	NA	NA	NA
NC_045512.2	10029	C	T	0	0	0	4	3	40	1	4	0.0285714	FALSE	NA	NA	NA	NA	NA
NC_045512.2	11287	G	-TCTGGTTTT	1	1	79	1	0	20	1	1	1	FALSE	NA	NA	NA	NA	NA
NC_045512.2	11727	G	A	2	0	36	1	0	41	0.333333	3	0.6	FALSE	NA	NA	NA	NA	NA
NC_045512.2	12789	C	T	0	0	0	5	2	38	1	5	0.00793651	TRUE	NA	NA	NA	NA	NA
NC_045512.2	12815	C	T	0	0	0	5	2	47	1	5	0.00793651	TRUE	NA	NA	NA	NA	NA
NC_045512.2	13037	A	T	176	78	66	1	1	73	0.00564972	177	0.501416	FALSE	NA	NA	NA	NA	NA
NC_045512.2	13064	T	C	922	272	46	1	0	37	0.00108342	923	0.500271	FALSE	NA	NA	NA	NA	NA
NC_045512.2	13074	G	T	890	255	45	1	0	82	0.00112233	891	0.500281	FALSE	NA	NA	NA	NA	NA
NC_045512.2	13078	T	C	888	255	46	2	1	41	0.00224719	890	0.250141	FALSE	NA	NA	NA	NA	NA
NC_045512.2	13096	T	C	889	260	45	3	0	40	0.00336323	892	0.125	FALSE	NA	NA	NA	NA	NA
NC_045512.2	13097	A	G	893	260	42	1	0	41	0.00111857	894	0.50028	FALSE	NA	NA	NA	NA	NA
NC_045512.2	13101	C	T	887	260	45	1	0	25	0.00112613	888	0.998096	FALSE	NA	NA	NA	NA	NA
NC_045512.2	13103	T	C	892	261	41	1	0	22	0.00111982	893	0.998096	FALSE	NA	NA	NA	NA	NA
NC_045512.2	13112	T	C	881	490	51	2	0	58	0.00226501	883	0.250142	FALSE	NA	NA	NA	NA	NA
NC_045512.2	13120	T	C	882	496	47	1	1	71	0.0011325	883	0.500283	FALSE	NA	NA	NA	NA	NA
NC_045512.2	13129	A	C	876	498	49	2	1	38	0.0022779	878	0.250142	FALSE	NA	NA	NA	NA	NA
NC_045512.2	13146	G	A	975	560	51	1	1	77	0.00102459	976	0.500256	FALSE	NA	NA	NA	NA	NA
NC_045512.2	13164	C	T	469	243	62	1	1	75	0.00212766	470	0.500532	FALSE	NA	NA	NA	NA	NA
NC_045512.2	13184	G	A	463	409	40	1	1	30	0.00215517	464	0.500539	FALSE	NA	NA	NA	NA	NA
NC_045512.2	13188	T	C	471	417	37	1	1	41	0.00211864	472	0.50053	FALSE	NA	NA	NA	NA	NA
NC_045512.2	13191	C	T	465	411	39	1	1	34	0.00214592	466	0.500537	FALSE	NA	NA	NA	NA	NA
NC_045512.2	13195	T	C	461	411	34	5	2	62	0.0107296	466	0.0310816	FALSE	NA	NA	NA	NA	NA
NC_045512.2	13206	C	T	467	415	38	1	1	37	0.00213675	468	0.500535	FALSE	NA	NA	NA	NA	NA
NC_045512.2	13209	A	G	468	416	36	1	1	39	0.0021322	469	0.500534	FALSE	NA	NA	NA	NA	NA
NC_045512.2	13261	C	T	4	1	79	1	0	75	0.2	5	0.555556	FALSE	NA	NA	NA	NA	NA
NC_045512.2	13289	T	C	1103	497	40	1	0	26	0.000905797	1104	0.999764	FALSE	NA	NA	NA	NA	NA
NC_045512.2	13313	G	A	1115	500	38	2	1	35	0.00179051	1117	0.500336	FALSE	NA	NA	NA	NA	NA
NC_045512.2	13318	A	G	1111	497	40	2	1	36	0.00179695	1113	0.500337	FALSE	NA	NA	NA	NA	NA
NC_045512.2	13320	T	C	1103	494	39	8	4	38	0.00720072	1111	0.0194045	FALSE	NA	NA	NA	NA	NA
NC_045512.2	13325	A	G	1105	493	35	2	1	39	0.00180668	1107	0.500339	FALSE	NA	NA	NA	NA	NA
NC_045512.2	13329	C	T	1106	498	39	1	0	21	0.000903342	1107	0.999764	FALSE	NA	NA	NA	NA	NA
NC_045512.2	13338	A	G	1103	504	40	2	1	39	0.00180995	1105	0.50034	FALSE	NA	NA	NA	NA	NA
NC_045512.2	13339	T	C	0	0	0	1103	509	34	1	1103	0	TRUE	NA	NA	NA	NA	NA
NC_045512.2	13343	C	T	1103	511	41	2	1	39	0.00180995	1105	0.50034	FALSE	NA	NA	NA	NA	NA
NC_045512.2	13357	A	G	1114	527	35	2	1	35	0.00179211	1116	0.500336	FALSE	NA	NA	NA	NA	NA
NC_045512.2	13358	C	A	1113	529	38	2	1	37	0.00179372	1115	0.500337	FALSE	NA	NA	NA	NA	NA
NC_045512.2	13363	A	G	1096	536	42	9	5	43	0.0081448	1105	0.0019293	TRUE	NA	NA	NA	NA	NA
NC_045512.2	13367	A	G	1101	539	36	2	1	29	0.00181324	1103	0.998342	FALSE	NA	NA	NA	NA	NA
NC_045512.2	13375	T	C	1099	543	37	2	1	39	0.00181653	1101	0.500341	FALSE	NA	NA	NA	NA	NA
NC_045512.2	13376	A	G	1096	537	36	2	1	39	0.00182149	1098	0.500342	FALSE	NA	NA	NA	NA	NA
NC_045512.2	13377	C	T	1101	542	40	2	1	37	0.00181324	1103	0.50034	FALSE	NA	NA	NA	NA	NA
NC_045512.2	13399	T	G	1048	521	38	1	0	29	0.000953289	1049	0.999527	FALSE	NA	NA	NA	NA	NA
NC_045512.2	13400	T	C	1045	520	35	2	1	26	0.00191022	1047	0.99691	FALSE	NA	NA	NA	NA	NA
NC_045512.2	13405	C	T	1042	519	40	2	1	34	0.00191571	1044	0.50036	FALSE	NA	NA	NA	NA	NA
NC_045512.2	13413	G	A	1046	524	38	2	1	36	0.0019084	1048	0.500358	FALSE	NA	NA	NA	NA	NA
NC_045512.2	13414	T	C	1055	530	31	4	2	37	0.00377715	1059	0.1875	FALSE	NA	NA	NA	NA	NA
NC_045512.2	13426	C	T	1055	534	36	1	1	32	0.00094697	1056	0.750355	FALSE	NA	NA	NA	NA	NA
NC_045512.2	13439	C	T	1060	541	40	1	0	32	0.000942507	1061	0.750354	FALSE	NA	NA	NA	NA	NA
NC_045512.2	13451	G	A	1052	538	40	2	1	32	0.00189753	1054	0.500356	FALSE	NA	NA	NA	NA	NA
NC_045512.2	13459	G	-T	1052	539	38	2	0	20	0.00190114	1052	0.99694	FALSE	NA	NA	NA	NA	NA
NC_045512.2	13461	T	C	1000	542	39	1	0	21	0.000999001	1001	0.999528	FALSE	NA	NA	NA	NA	NA
NC_045512.2	13466	A	G	1022	537	40	2	1	33	0.00195312	1024	0.500367	FALSE	NA	NA	NA	NA	NA
NC_045512.2	13469	G	A	1020	534	37	4	2	33	0.00390625	1024	0.1875	FALSE	NA	NA	NA	NA	NA
NC_045512.2	13476	C	T	1003	528	39	2	1	30	0.00199005	1005	0.500374	FALSE	NA	NA	NA	NA	NA
NC_045512.2	13486	G	A	998	523	36	2	1	33	0.002	1000	0.5	FALSE	NA	NA	NA	NA	NA
NC_045512.2	13523	C	T	76	37	40	2	1	40	0.025641	78	0.251613	FALSE	NA	NA	NA	NA	NA
NC_045512.2	13541	C	-T	79	40	39	2	0	20	0.0253165	79	0.257941	FALSE	NA	NA	NA	NA	NA
NC_045512.2	13573	T	G	76	39	41	4	2	38	0.05	80	0.0616913	FALSE	NA	NA	NA	NA	NA
NC_045512.2	13620	C	T	0	0	0	1	0	37	1	1	1	FALSE	NA	NA	NA	NA	NA
NC_045512.2	13812	G	A	208	112	40	2	1	36	0.00952381	210	0.250597	FALSE	NA	NA	NA	NA	NA
NC_045512.2	13919	A	G	266	130	40	2	1	39	0.00746269	268	0.250467	FALSE	NA	NA	NA	NA	NA
NC_045512.2	13926	G	A	266	131	40	2	1	36	0.00746269	268	0.250467	FALSE	NA	NA	NA	NA	NA
NC_045512.2	13958	G	A	244	128	37	1	1	20	0.00408163	245	0.876532	FALSE	NA	NA	NA	NA	NA
NC_045512.2	14408	C	T	0	0	0	1	1	82	1	1	1	FALSE	NA	NA	NA	NA	NA
NC_045512.2	15101	C	T	0	0	0	2	1	38	1	2	0.333333	FALSE	NA	NA	NA	NA	NA
NC_045512.2	15240	C	T	0	0	0	1	0	39	1	1	1	FALSE	NA	NA	NA	NA	NA
NC_045512.2	15560	T	C	1719	829	40	2	1	36	0.00116212	1721	0.500218	FALSE	NA	NA	NA	NA	NA
NC_045512.2	15564	A	G	1723	831	37	2	1	37	0.00115942	1725	0.500218	FALSE	NA	NA	NA	NA	NA
NC_045512.2	15575	G	A	1721	829	38	1	1	20	0.00058072	1722	0.999996	FALSE	NA	NA	NA	NA	NA
NC_045512.2	15578	A	G	1725	835	38	1	0	29	0.000579374	1726	0.999996	FALSE	NA	NA	NA	NA	NA
NC_045512.2	15579	C	A	1721	835	38	3	1	41	0.00174014	1724	0.125	FALSE	NA	NA	NA	NA	NA
NC_045512.2	15580	A	G	1721	834	36	2	1	35	0.00116077	1723	0.500218	FALSE	NA	NA	NA	NA	NA
NC_045512.2	15587	C	T	1738	854	39	2	1	35	0.00114811	1742	0.499784	FALSE	NA	NA	NA	NA	NA
NC_045512.2	15587	C	A	1738	854	39	2	1	37	0.00114811	1742	0.499784	FALSE	NA	NA	NA	NA	NA
NC_045512.2	15591	T	C	1742	857	38	2	1	39	0.00114679	1744	0.500215	FALSE	NA	NA	NA	NA	NA
NC_045512.2	15592	A	G	1743	857	35	4	2	40	0.00228964	1747	0.0624642	FALSE	NA	NA	NA	NA	NA
NC_045512.2	15598	G	A	1744	860	38	3	1	36	0.00171723	1747	0.312607	FALSE	NA	NA	NA	NA	NA
NC_045512.2	15601	C	T	1734	861	32	4	2	37	0.0023015	1738	0.1875	FALSE	NA	NA	NA	NA	NA
NC_045512.2	15602	G	A	1700	818	33	1	1	27	0.000587889	1701	0.999996	FALSE	NA	NA	NA	NA	NA
NC_045512.2	15603	C	T	1736	873	37	1	1	70	0.000575705	1737	0.500144	FALSE	NA	NA	NA	NA	NA
NC_045512.2	15605	A	T	1746	871	41	1	1	82	0.00057241	1747	0.500143	FALSE	NA	NA	NA	NA	NA
NC_045512.2	15610	C	T	3459	1690	39	2	1	36	0.000577868	3461	0.812681	FALSE	NA	NA	NA	NA	NA
NC_045512.2	15612	A	G	3442	1673	37	2	2	32	0.00058072	3444	0.812682	FALSE	NA	NA	NA	NA	NA
NC_045512.2	15613	C	T	3461	1695	39	2	1	37	0.000577534	3463	0.812681	FALSE	NA	NA	NA	NA	NA
NC_045512.2	15625	G	A	3475	1703	39	2	1	34	0.000575209	3477	0.81268	FALSE	NA	NA	NA	NA	NA
NC_045512.2	15628	T	C	3474	1714	33	6	3	33	0.00172414	3480	0.253906	FALSE	NA	NA	NA	NA	NA
NC_045512.2	15631	C	T	3472	1718	37	3	1	40	0.000863309	3475	0.125	FALSE	NA	NA	NA	NA	NA
NC_045512.2	15639	A	T	3473	1712	40	3	2	47	0.000863061	3476	0.125	FALSE	NA	NA	NA	NA	NA
NC_045512.2	15644	G	A	3468	1710	37	2	1	39	0.000576369	3470	0.81268	FALSE	NA	NA	NA	NA	NA
NC_045512.2	15653	A	G	1695	824	34	3	1	51	0.00176678	1698	0.125	FALSE	NA	NA	NA	NA	NA
NC_045512.2	15659	A	G	1698	837	35	2	1	40	0.00117647	1700	0.250074	FALSE	NA	NA	NA	NA	NA
NC_045512.2	15670	G	A	1698	842	40	2	1	35	0.00117647	1700	0.500221	FALSE	NA	NA	NA	NA	NA
NC_045512.2	15673	T	C	1700	848	41	3	2	35	0.0017616	1703	0.31261	FALSE	NA	NA	NA	NA	NA
NC_045512.2	15675	T	C	1701	849	42	2	1	34	0.0011744	1703	0.50022	FALSE	NA	NA	NA	NA	NA
NC_045512.2	15677	A	G	1700	848	36	2	1	35	0.00117509	1702	0.50022	FALSE	NA	NA	NA	NA	NA
NC_045512.2	15681	A	G	1670	846	35	2	1	35	0.00119617	1672	0.500224	FALSE	NA	NA	NA	NA	NA
NC_045512.2	15686	T	C	1672	848	37	1	1	36	0.000597729	1673	0.750224	FALSE	NA	NA	NA	NA	NA
NC_045512.2	15862	G	T	7127	3530	39	2	1	40	0.000280426	7132	0.249912	FALSE	NA	NA	NA	NA	NA
NC_045512.2	15862	G	A	7127	3530	39	3	1	41	0.000420639	7132	0.124947	FALSE	NA	NA	NA	NA	NA
NC_045512.2	15864	A	T	7130	3539	38	2	1	38	0.000280426	7132	0.980508	FALSE	NA	NA	NA	NA	NA
NC_045512.2	15866	C	A	7166	3551	39	4	2	41	0.00055788	7170	0.0624913	FALSE	NA	NA	NA	NA	NA
NC_045512.2	15867	T	C	7166	3551	39	2	1	38	0.000279018	7168	0.980508	FALSE	NA	NA	NA	NA	NA
NC_045512.2	15868	C	T	7146	3550	39	2	1	36	0.00027972	7150	0.980488	FALSE	NA	NA	NA	NA	NA
NC_045512.2	15868	C	G	7146	3550	39	2	1	41	0.00027972	7150	0.249948	FALSE	NA	NA	NA	NA	NA
NC_045512.2	15869	A	G	7173	3544	39	3	1	33	0.00041806	7176	0.945398	FALSE	NA	NA	NA	NA	NA
NC_045512.2	15871	G	A	7182	3543	40	2	1	39	0.000278396	7184	0.980508	FALSE	NA	NA	NA	NA	NA
NC_045512.2	15873	A	-T	7183	3544	40	4	0	20	0.00055687	7183	1	FALSE	NA	NA	NA	NA	NA
NC_045512.2	15874	T	A	7174	3551	40	2	1	41	0.000278707	7176	0.249878	FALSE	NA	NA	NA	NA	NA
NC_045512.2	15877	T	C	7191	3555	39	2	1	28	0.000278048	7193	1	FALSE	NA	NA	NA	NA	NA
NC_045512.2	15879	C	T	7154	3552	38	2	1	38	0.000279486	7156	0.980508	FALSE	NA	NA	NA	NA	NA
NC_045512.2	15881	C	T	7165	3546	38	14	7	40	0.00195013	7179	6.07084e-05	TRUE	NA	NA	NA	NA	NA
NC_045512.2	15883	C	T	7185	3555	39	1	0	25	0.000139159	7186	1	FALSE	NA	NA	NA	NA	NA
NC_045512.2	15884	A	G	7190	3553	39	1	0	23	0.000139063	7191	1	FALSE	NA	NA	NA	NA	NA
NC_045512.2	15888	T	C	7176	3556	37	2	1	41	0.000278629	7178	0.250017	FALSE	NA	NA	NA	NA	NA
NC_045512.2	15889	A	G	7182	3547	36	4	2	41	0.000556638	7186	0.0624913	FALSE	NA	NA	NA	NA	NA
NC_045512.2	15890	C	T	7178	3558	39	3	2	38	0.000417769	7181	0.945398	FALSE	NA	NA	NA	NA	NA
NC_045512.2	15891	A	G	7188	3559	40	2	1	32	0.000278164	7190	0.980508	FALSE	NA	NA	NA	NA	NA
NC_045512.2	15896	T	C	7177	3564	36	2	1	24	0.000278552	7180	1	FALSE	NA	NA	NA	NA	NA
NC_045512.2	15896	T	A	7177	3564	36	1	0	32	0.000139276	7180	0.996099	FALSE	NA	NA	NA	NA	NA
NC_045512.2	15897	A	G	7175	3556	36	2	1	32	0.000278668	7177	0.980508	FALSE	NA	NA	NA	NA	NA
NC_045512.2	15898	G	A	7165	3549	38	3	2	41	0.000418527	7168	0.125	FALSE	NA	NA	NA	NA	NA
NC_045512.2	15899	T	C	7167	3562	40	2	1	40	0.000278979	7169	0.250017	FALSE	NA	NA	NA	NA	NA
NC_045512.2	15901	A	G	7168	3555	38	1	0	36	0.000139489	7169	0.996104	FALSE	NA	NA	NA	NA	NA
NC_045512.2	15905	A	G	7247	3601	40	2	1	33	0.0002759	7249	0.980508	FALSE	NA	NA	NA	NA	NA
NC_045512.2	15906	G	T	7228	3582	40	5	3	38	0.000691276	7233	0.806319	FALSE	NA	NA	NA	NA	NA
NC_045512.2	15908	G	A	7218	3572	39	1	1	25	0.000138523	7219	1	FALSE	NA	NA	NA	NA	NA
NC_045512.2	15910	G	A	7221	3577	40	1	0	23	0.000138466	7222	1	FALSE	NA	NA	NA	NA	NA
NC_045512.2	15913	G	T	7216	3579	40	2	1	37	0.000277008	7220	0.980488	FALSE	NA	NA	NA	NA	NA
NC_045512.2	15913	G	A	7216	3579	40	2	1	34	0.000277008	7220	0.980488	FALSE	NA	NA	NA	NA	NA
NC_045512.2	15914	A	G	7200	3568	39	3	2	35	0.000416493	7203	0.945398	FALSE	NA	NA	NA	NA	NA
NC_045512.2	15915	T	C	7128	3570	41	2	1	38	0.000280505	7130	0.980508	FALSE	NA	NA	NA	NA	NA
NC_045512.2	15916	T	C	7120	3565	36	12	6	39	0.00168256	7132	0.179561	FALSE	NA	NA	NA	NA	NA
NC_045512.2	15917	A	G	7129	3566	37	2	1	38	0.000280466	7131	0.980508	FALSE	NA	NA	NA	NA	NA
NC_045512.2	15918	T	C	7130	3569	39	2	1	35	0.000280426	7132	0.980508	FALSE	NA	NA	NA	NA	NA
NC_045512.2	15921	G	A	7122	3559	38	2	1	36	0.000280741	7124	0.980508	FALSE	NA	NA	NA	NA	NA
NC_045512.2	15922	T	C	7124	3567	36	2	1	40	0.000280662	7126	0.250018	FALSE	NA	NA	NA	NA	NA
NC_045512.2	15923	A	G	7081	3521	35	2	1	38	0.000282366	7083	0.980508	FALSE	NA	NA	NA	NA	NA
NC_045512.2	15924	C	T	7112	3572	38	2	1	39	0.000281136	7114	0.980508	FALSE	NA	NA	NA	NA	NA
NC_045512.2	15925	C	T	7114	3573	40	2	1	40	0.000281057	7116	0.250018	FALSE	NA	NA	NA	NA	NA
NC_045512.2	15927	T	C	7107	3573	39	4	2	37	0.000562509	7111	0.886855	FALSE	NA	NA	NA	NA	NA
NC_045512.2	15930	T	C	7102	3573	39	2	1	26	0.000281532	7104	1	FALSE	NA	NA	NA	NA	NA
NC_045512.2	15935	C	A	7089	3572	41	2	1	36	0.000282048	7091	0.980508	FALSE	NA	NA	NA	NA	NA
NC_045512.2	15937	G	A	7089	3570	38	1	1	37	0.000141044	7090	0.996104	FALSE	NA	NA	NA	NA	NA
NC_045512.2	15940	C	T	7072	3575	38	1	0	29	0.000141343	7075	1	FALSE	NA	NA	NA	NA	NA
NC_045512.2	15940	C	A	7072	3575	38	2	1	37	0.000282686	7075	0.980499	FALSE	NA	NA	NA	NA	NA
NC_045512.2	15941	C	T	7084	3573	40	4	3	34	0.000564334	7088	0.886855	FALSE	NA	NA	NA	NA	NA
NC_045512.2	15943	T	C	7085	3573	39	2	1	38	0.000282207	7087	0.980508	FALSE	NA	NA	NA	NA	NA
NC_045512.2	15944	C	T	7074	3573	38	3	2	37	0.000423908	7077	0.945399	FALSE	NA	NA	NA	NA	NA
NC_045512.2	15945	A	G	7093	3572	37	4	2	30	0.000563618	7097	0.886855	FALSE	NA	NA	NA	NA	NA
NC_045512.2	16088	T	C	233	7	39	1	0	30	0.0042735	234	0.501071	FALSE	NA	NA	NA	NA	NA
NC_045512.2	16103	T	C	232	10	37	1	0	37	0.00429185	233	0.501075	FALSE	NA	NA	NA	NA	NA
NC_045512.2	16121	A	C	3	1	66	231	111	58	0.987179	234	1.53975e-133	TRUE	NA	NA	NA	NA	NA
NC_045512.2	16127	C	T	235	113	75	1	1	72	0.00423729	236	0.501062	FALSE	NA	NA	NA	NA	NA
NC_045512.2	16145	T	C	1117	543	45	1	0	31	0.000894454	1118	0.750336	FALSE	NA	NA	NA	NA	NA
NC_045512.2	16159	C	A	1112	547	45	1	0	30	0.000898473	1113	0.750337	FALSE	NA	NA	NA	NA	NA
NC_045512.2	16171	A	G	1110	546	44	4	2	39	0.00359066	1114	0.1875	FALSE	NA	NA	NA	NA	NA
NC_045512.2	16172	A	G	1115	548	47	3	1	40	0.00268336	1118	0.125	FALSE	NA	NA	NA	NA	NA
NC_045512.2	16178	C	A	1116	553	46	2	1	30	0.00178891	1118	0.500336	FALSE	NA	NA	NA	NA	NA
NC_045512.2	16181	G	T	1065	531	48	2	1	41	0.00187441	1067	0.250117	FALSE	NA	NA	NA	NA	NA
NC_045512.2	16195	G	A	1047	635	40	2	2	35	0.00190658	1049	0.500358	FALSE	NA	NA	NA	NA	NA
NC_045512.2	16211	T	C	1019	635	38	1	1	37	0.000980392	1020	0.750368	FALSE	NA	NA	NA	NA	NA
NC_045512.2	16219	C	A	1018	637	38	1	0	25	0.000981354	1019	0.999527	FALSE	NA	NA	NA	NA	NA
NC_045512.2	16220	C	A	1014	635	31	1	1	40	0.000985222	1015	0.500246	FALSE	NA	NA	NA	NA	NA
NC_045512.2	16220	C	-G	1014	635	31	2	0	20	0.00197044	1015	0.996928	FALSE	NA	NA	NA	NA	NA
NC_045512.2	16224	T	C	1017	638	36	2	1	41	0.00196271	1019	0.250123	FALSE	NA	NA	NA	NA	NA
NC_045512.2	16227	A	G	1018	638	39	2	1	35	0.00196078	1020	0.500368	FALSE	NA	NA	NA	NA	NA
NC_045512.2	16351	C	T	89	45	40	5	2	29	0.0531915	94	0.030401	FALSE	NA	NA	NA	NA	NA
NC_045512.2	16390	G	A	90	46	41	5	3	43	0.0526316	95	0.0304101	FALSE	NA	NA	NA	NA	NA
NC_045512.2	16662	G	A	3	2	34	1	0	82	0.25	4	0.571429	FALSE	NA	NA	NA	NA	NA
NC_045512.2	16783	A	G	226	102	48	2	1	39	0.00877193	228	0.250549	FALSE	NA	NA	NA	NA	NA
NC_045512.2	16792	C	T	228	105	44	1	0	23	0.00436681	229	0.876639	FALSE	NA	NA	NA	NA	NA
NC_045512.2	16794	T	C	228	105	44	1	1	75	0.00436681	229	0.501094	FALSE	NA	NA	NA	NA	NA
NC_045512.2	16806	C	T	222	143	39	1	0	21	0.0044843	223	0.876683	FALSE	NA	NA	NA	NA	NA
NC_045512.2	16836	T	C	224	146	41	2	1	31	0.00884956	226	0.250554	FALSE	NA	NA	NA	NA	NA
NC_045512.2	17312	C	G	16	9	76	1	1	77	0.0588235	17	0.515152	FALSE	NA	NA	NA	NA	NA
NC_045512.2	17337	A	G	16	16	39	1	1	32	0.0588235	17	0.515152	FALSE	NA	NA	NA	NA	NA
NC_045512.2	17410	C	T	0	0	0	1	0	35	1	1	1	FALSE	NA	NA	NA	NA	NA
NC_045512.2	18492	A	G	0	0	0	1	1	36	1	1	1	FALSE	NA	NA	NA	NA	NA
NC_045512.2	18894	C	T	2	1	77	1	0	41	0.333333	3	0.6	FALSE	NA	NA	NA	NA	NA
NC_045512.2	21711	C	T	0	0	0	2	0	38	1	2	0.333333	FALSE	NA	NA	NA	NA	NA
NC_045512.2	21764	A	-TACATG	2	0	35	2	0	20	1	2	0.6	FALSE	NA	NA	NA	NA	NA
NC_045512.2	22200	T	G	0	0	0	3	0	37	1	3	0.1	FALSE	NA	NA	NA	NA	NA
NC_045512.2	22882	T	G	0	0	0	2	0	40	1	2	0.333333	FALSE	NA	NA	NA	NA	NA
NC_045512.2	22898	G	A	0	0	0	2	0	38	1	2	0.333333	FALSE	NA	NA	NA	NA	NA
NC_045512.2	22992	G	A	0	0	0	1	0	78	1	1	1	FALSE	NA	NA	NA	NA	NA
NC_045512.2	22995	C	A	0	0	0	1	0	82	1	1	1	FALSE	NA	NA	NA	NA	NA
NC_045512.2	23013	A	C	0	0	0	1	1	41	1	1	1	FALSE	NA	NA	NA	NA	NA
NC_045512.2	23040	A	G	0	0	0	1	1	35	1	1	1	FALSE	NA	NA	NA	NA	NA
NC_045512.2	23048	G	A	0	0	0	1	1	38	1	1	1	FALSE	NA	NA	NA	NA	NA
NC_045512.2	23049	G	T	0	0	0	1	1	41	1	1	1	FALSE	NA	NA	NA	NA	NA
NC_045512.2	23055	A	G	0	0	0	1	1	36	1	1	1	FALSE	NA	NA	NA	NA	NA
NC_045512.2	23063	A	T	0	0	0	1	1	33	1	1	1	FALSE	NA	NA	NA	NA	NA
NC_045512.2	23525	C	T	0	0	0	1	0	38	1	1	1	FALSE	NA	NA	NA	NA	NA
NC_045512.2	23532	A	G	0	0	0	1	0	24	1	1	1	FALSE	NA	NA	NA	NA	NA
NC_045512.2	25439	A	T	369	170	40	2	1	38	0.00539084	371	0.250337	FALSE	NA	NA	NA	NA	NA
NC_045512.2	25465	C	T	366	175	38	2	1	41	0.00543478	368	0.25034	FALSE	NA	NA	NA	NA	NA
NC_045512.2	25474	T	C	359	173	40	2	1	38	0.00554017	361	0.250347	FALSE	NA	NA	NA	NA	NA
NC_045512.2	25481	G	A	362	186	38	1	1	31	0.00275482	363	0.50069	FALSE	NA	NA	NA	NA	NA
NC_045512.2	25551	T	C	71	43	35	1	0	30	0.0138889	72	0.503497	FALSE	NA	NA	NA	NA	NA
NC_045512.2	25555	G	-T	72	42	40	2	0	20	0.0277778	72	0.258716	FALSE	NA	NA	NA	NA	NA
NC_045512.2	25584	C	T	0	0	0	72	47	41	1	72	1.35116e-42	TRUE	NA	NA	NA	NA	NA
NC_045512.2	25678	C	T	10	10	44	1	1	38	0.0909091	11	0.52381	FALSE	NA	NA	NA	NA	NA
NC_045512.2	25733	T	C	203	99	39	2	1	38	0.0097561	205	0.250611	FALSE	NA	NA	NA	NA	NA
NC_045512.2	25756	A	T	203	99	41	1	1	27	0.00490196	204	0.87684	FALSE	NA	NA	NA	NA	NA
NC_045512.2	26107	G	A	143	68	39	2	1	34	0.0137931	145	0.250865	FALSE	NA	NA	NA	NA	NA
NC_045512.2	26156	T	C	136	67	37	1	1	37	0.00729927	137	0.501832	FALSE	NA	NA	NA	NA	NA
NC_045512.2	26189	A	G	48	0	39	2	0	36	0.04	50	0.252525	FALSE	NA	NA	NA	NA	NA
NC_045512.2	26270	C	T	0	0	0	63	35	57	1	63	3.31404e-37	TRUE	NA	NA	NA	NA	NA
NC_045512.2	26275	A	G	61	34	59	2	1	58	0.031746	63	0.252	FALSE	NA	NA	NA	NA	NA
NC_045512.2	26333	C	T	58	52	38	1	1	35	0.0169492	59	0.504274	FALSE	NA	NA	NA	NA	NA
NC_045512.2	26529	G	C	0	0	0	9	5	38	1	9	4.11353e-05	TRUE	NA	NA	NA	NA	NA
NC_045512.2	26577	C	G	0	0	0	10	5	39	1	10	1.08251e-05	TRUE	NA	NA	NA	NA	NA
NC_045512.2	26610	A	G	0	0	0	10	5	38	1	10	1.08251e-05	TRUE	NA	NA	NA	NA	NA
NC_045512.2	26833	C	T	2	1	37	207	86	32	0.990431	209	1.6624e-120	TRUE	NA	NA	NA	NA	NA
NC_045512.2	26834	G	A	208	86	39	1	1	22	0.00478469	209	0.876796	FALSE	NA	NA	NA	NA	NA
NC_045512.2	26853	T	C	210	87	35	1	1	20	0.00473934	211	0.876779	FALSE	NA	NA	NA	NA	NA
NC_045512.2	26858	C	T	0	0	0	211	88	37	1	211	4.75713e-126	TRUE	NA	NA	NA	NA	NA
NC_045512.2	26955	C	A	64	51	49	7	3	38	0.0985915	71	0.0070374	TRUE	NA	NA	NA	NA	NA
NC_045512.2	26990	A	G	194	120	27	3	2	53	0.0152284	197	0.124998	FALSE	NA	NA	NA	NA	NA
NC_045512.2	27008	G	A	186	109	39	4	2	40	0.0210526	190	0.0621662	FALSE	NA	NA	NA	NA	NA
NC_045512.2	27042	C	T	183	115	36	2	2	36	0.0108108	185	0.250678	FALSE	NA	NA	NA	NA	NA
NC_045512.2	27093	T	C	45	20	38	2	1	38	0.0425532	47	0.252688	FALSE	NA	NA	NA	NA	NA
NC_045512.2	27259	A	C	0	0	0	1	0	37	1	1	1	FALSE	NA	NA	NA	NA	NA
NC_045512.2	27485	T	C	2664	1207	38	2	1	40	0.000750188	2666	0.250047	FALSE	NA	NA	NA	NA	NA
NC_045512.2	27486	A	G	2664	1205	38	2	1	38	0.000750188	2666	0.687711	FALSE	NA	NA	NA	NA	NA
NC_045512.2	27490	G	A	2663	1205	37	2	1	41	0.000750469	2665	0.250047	FALSE	NA	NA	NA	NA	NA
NC_045512.2	27493	C	T	2657	1209	38	2	1	40	0.000752162	2659	0.250047	FALSE	NA	NA	NA	NA	NA
NC_045512.2	27497	G	A	2667	1210	39	2	1	33	0.000749344	2669	0.687711	FALSE	NA	NA	NA	NA	NA
NC_045512.2	27500	C	T	2658	1209	39	5	2	41	0.00187758	2663	0.0312206	FALSE	NA	NA	NA	NA	NA
NC_045512.2	27502	T	C	2668	1211	39	2	1	40	0.000749064	2670	0.250047	FALSE	NA	NA	NA	NA	NA
NC_045512.2	27504	T	G	2672	1212	40	2	1	31	0.000747943	2674	0.68771	FALSE	NA	NA	NA	NA	NA
NC_045512.2	27505	G	C	2672	1212	40	2	1	32	0.000747943	2674	0.68771	FALSE	NA	NA	NA	NA	NA
NC_045512.2	27507	A	G	2671	1212	40	2	1	39	0.000748223	2673	0.687711	FALSE	NA	NA	NA	NA	NA
NC_045512.2	27512	A	G	2670	1211	35	2	1	40	0.000748503	2672	0.250047	FALSE	NA	NA	NA	NA	NA
NC_045512.2	27513	C	T	2643	1215	32	3	1	34	0.00113379	2646	0.500177	FALSE	NA	NA	NA	NA	NA
NC_045512.2	27514	G	A	2658	1197	34	1	1	29	0.000376081	2659	1	FALSE	NA	NA	NA	NA	NA
NC_045512.2	27515	A	G	2667	1214	37	2	1	39	0.000749344	2669	0.687711	FALSE	NA	NA	NA	NA	NA
NC_045512.2	27516	G	T	2669	1211	38	2	1	35	0.000748783	2671	0.687711	FALSE	NA	NA	NA	NA	NA
NC_045512.2	27519	C	T	2659	1229	37	1	0	35	0.00037594	2660	0.875141	FALSE	NA	NA	NA	NA	NA
NC_045512.2	27520	A	G	2668	1228	37	2	1	37	0.000749064	2670	0.687711	FALSE	NA	NA	NA	NA	NA
NC_045512.2	27523	T	C	2656	1236	38	1	0	20	0.000376364	2657	1	FALSE	NA	NA	NA	NA	NA
NC_045512.2	27526	C	T	2642	1240	38	1	0	20	0.000378358	2643	1	FALSE	NA	NA	NA	NA	NA
NC_045512.2	27527	C	T	2647	1242	40	1	0	20	0.000377644	2648	1	FALSE	NA	NA	NA	NA	NA
NC_045512.2	27528	A	-T	2657	1243	38	2	0	20	0.000752729	2657	1	FALSE	NA	NA	NA	NA	NA
NC_045512.2	27529	T	C	2653	1244	40	2	1	40	0.000753296	2655	0.249859	FALSE	NA	NA	NA	NA	NA
NC_045512.2	27537	T	C	2625	1240	39	2	1	39	0.000761325	2627	0.687714	FALSE	NA	NA	NA	NA	NA
NC_045512.2	27551	A	G	2609	1356	43	2	1	28	0.00076599	2611	1	FALSE	NA	NA	NA	NA	NA
NC_045512.2	27554	T	C	2611	1362	43	1	0	71	0.000382848	2612	0.500096	FALSE	NA	NA	NA	NA	NA
NC_045512.2	27557	C	T	2596	1365	41	1	0	22	0.00038506	2597	1	FALSE	NA	NA	NA	NA	NA
NC_045512.2	27563	C	T	2590	1368	41	1	0	25	0.000385951	2591	1	FALSE	NA	NA	NA	NA	NA
NC_045512.2	27566	G	A	2587	1358	42	4	2	35	0.00154381	2591	0.34384	FALSE	NA	NA	NA	NA	NA
NC_045512.2	27570	T	C	2593	1369	40	1	0	34	0.000385505	2594	0.875145	FALSE	NA	NA	NA	NA	NA
NC_045512.2	27578	A	G	2638	1386	38	2	1	31	0.000757576	2640	0.687713	FALSE	NA	NA	NA	NA	NA
NC_045512.2	27579	A	T	2626	1376	42	2	0	53	0.000761035	2628	0.250048	FALSE	NA	NA	NA	NA	NA
NC_045512.2	27585	T	C	325	154	69	4	1	48	0.0121581	329	0.0623084	FALSE	NA	NA	NA	NA	NA
NC_045512.2	27604	G	A	330	164	59	1	1	79	0.00302115	331	0.500756	FALSE	NA	NA	NA	NA	NA
NC_045512.2	27652	T	C	391	341	38	1	1	39	0.00255102	392	0.500639	FALSE	NA	NA	NA	NA	NA
NC_045512.2	27657	C	T	392	342	40	1	1	36	0.00254453	393	0.500637	FALSE	NA	NA	NA	NA	NA
NC_045512.2	27702	T	C	41	22	37	2	1	33	0.0465116	43	0.252941	FALSE	NA	NA	NA	NA	NA
NC_045512.2	27807	C	T	0	0	0	29	13	43	1	29	6.65175e-17	TRUE	NA	NA	NA	NA	NA
NC_045512.2	27810	T	C	1	1	41	28	12	42	0.965517	29	1.92901e-15	TRUE	NA	NA	NA	NA	NA
NC_045512.2	27814	T	C	28	13	44	1	0	39	0.0344828	29	0.508772	FALSE	NA	NA	NA	NA	NA
NC_045512.2	27903	C	T	1395	105	34	1	0	39	0.000716332	1396	0.750269	FALSE	NA	NA	NA	NA	NA
NC_045512.2	27906	G	A	1412	105	36	1	0	35	0.000707714	1413	0.750265	FALSE	NA	NA	NA	NA	NA
NC_045512.2	27907	T	C	1408	105	38	1	0	35	0.000709723	1409	0.750266	FALSE	NA	NA	NA	NA	NA
NC_045512.2	27927	A	G	1412	105	39	2	1	38	0.00141443	1414	0.500265	FALSE	NA	NA	NA	NA	NA
NC_045512.2	27929	T	C	1412	106	37	4	0	35	0.00282486	1416	0.1875	FALSE	NA	NA	NA	NA	NA
NC_045512.2	27930	G	A	1414	105	39	1	0	40	0.000706714	1415	0.500177	FALSE	NA	NA	NA	NA	NA
NC_045512.2	27941	T	C	1401	106	39	2	0	40	0.00142552	1403	0.250089	FALSE	NA	NA	NA	NA	NA
NC_045512.2	27944	C	T	1403	693	66	3	2	50	0.00213371	1406	0.125	FALSE	NA	NA	NA	NA	NA
NC_045512.2	27952	G	A	1450	713	68	1	1	80	0.00068918	1451	0.500172	FALSE	NA	NA	NA	NA	NA
NC_045512.2	27954	A	G	1451	718	67	2	1	82	0.00137646	1453	0.250086	FALSE	NA	NA	NA	NA	NA
NC_045512.2	27963	T	A	1443	725	67	2	1	37	0.00138408	1445	0.50026	FALSE	NA	NA	NA	NA	NA
NC_045512.2	27974	A	G	1447	734	68	1	1	82	0.000690608	1448	0.500173	FALSE	NA	NA	NA	NA	NA
NC_045512.2	27977	T	C	1445	740	68	1	0	67	0.000691563	1446	0.500173	FALSE	NA	NA	NA	NA	NA
NC_045512.2	27978	C	T	1445	740	68	1	0	72	0.000691563	1446	0.500173	FALSE	NA	NA	NA	NA	NA
NC_045512.2	27982	C	A	1522	785	69	1	1	81	0.000656599	1523	0.500164	FALSE	NA	NA	NA	NA	NA
NC_045512.2	27996	G	A	1317	692	73	1	0	75	0.000758725	1318	0.50019	FALSE	NA	NA	NA	NA	NA
NC_045512.2	28000	C	T	1309	698	62	1	1	76	0.000762777	1311	0.5	FALSE	NA	NA	NA	NA	NA
NC_045512.2	28000	C	A	1309	698	62	1	1	81	0.000762777	1311	0.5	FALSE	NA	NA	NA	NA	NA
NC_045512.2	28001	G	A	1301	689	62	1	0	82	0.000768049	1302	0.500192	FALSE	NA	NA	NA	NA	NA
NC_045512.2	28013	C	T	1318	718	70	1	1	82	0.00075815	1319	0.50019	FALSE	NA	NA	NA	NA	NA
NC_045512.2	28021	C	G	1316	725	66	1	0	77	0.000759301	1317	0.50019	FALSE	NA	NA	NA	NA	NA
NC_045512.2	28024	A	G	1317	723	74	1	1	75	0.000758725	1318	0.50019	FALSE	NA	NA	NA	NA	NA
NC_045512.2	28027	G	A	1319	724	73	1	1	78	0.000757576	1320	0.500189	FALSE	NA	NA	NA	NA	NA
NC_045512.2	28028	G	A	1315	720	69	1	1	21	0.000759878	1316	0.999941	FALSE	NA	NA	NA	NA	NA
NC_045512.2	28035	A	G	1259	1223	37	1	1	39	0.000793651	1260	0.750298	FALSE	NA	NA	NA	NA	NA
NC_045512.2	28043	A	C	1262	1227	38	1	1	35	0.000791766	1263	0.750297	FALSE	NA	NA	NA	NA	NA
NC_045512.2	28049	A	G	1259	1225	37	1	1	37	0.000793651	1260	0.750298	FALSE	NA	NA	NA	NA	NA
NC_045512.2	28050	A	G	1259	1225	40	1	1	37	0.000793651	1260	0.750298	FALSE	NA	NA	NA	NA	NA
NC_045512.2	28067	T	C	1429	1308	36	1	1	35	0.000699301	1430	0.750262	FALSE	NA	NA	NA	NA	NA
NC_045512.2	28068	G	A	1422	1302	37	2	1	36	0.00140449	1424	0.500264	FALSE	NA	NA	NA	NA	NA
NC_045512.2	28114	T	C	171	83	39	2	1	40	0.0115607	173	0.250725	FALSE	NA	NA	NA	NA	NA
NC_045512.2	28271	A	T	0	0	0	1	0	37	1	1	1	FALSE	NA	NA	NA	NA	NA
NC_045512.2	28311	C	T	0	0	0	1	0	69	1	1	1	FALSE	NA	NA	NA	NA	NA
NC_045512.2	28347	G	A	1346	391	40	4	0	34	0.00296296	1350	0.1875	FALSE	NA	NA	NA	NA	NA
NC_045512.2	28354	C	G	1348	395	39	1	0	39	0.00074129	1349	0.750278	FALSE	NA	NA	NA	NA	NA
NC_045512.2	28355	C	T	1352	395	40	1	0	24	0.000739098	1353	0.999941	FALSE	NA	NA	NA	NA	NA
NC_045512.2	28358	A	G	1352	394	37	3	1	37	0.00221402	1355	0.312638	FALSE	NA	NA	NA	NA	NA
NC_045512.2	28361	G	-GAGAACGCA	1354	394	40	1353	0	20	0.999261	1354	5.55048e-281	TRUE	NA	NA	NA	NA	NA
NC_045512.2	28362	G	-AGAACGCAGT	1	0	37	1	0	20	0.000743494	1345	0.0207018	FALSE	NA	NA	NA	NA	NA
NC_045512.2	28372	T	C	1345	395	31	1	0	41	0.000742942	1346	0.5	FALSE	NA	NA	NA	NA	NA
NC_045512.2	28373	G	T	1355	399	39	1	0	33	0.000737463	1356	0.750277	FALSE	NA	NA	NA	NA	NA
NC_045512.2	28377	C	T	1341	397	39	6	3	30	0.00445434	1347	0.0623779	FALSE	NA	NA	NA	NA	NA
NC_045512.2	28383	C	-A	1391	407	36	3	0	20	0.00215672	1391	0.997996	FALSE	NA	NA	NA	NA	NA
NC_045512.2	28400	C	T	1369	419	36	2	1	35	0.00145879	1371	0.500274	FALSE	NA	NA	NA	NA	NA
NC_045512.2	28405	T	C	1389	431	38	1	0	40	0.000719424	1390	0.50018	FALSE	NA	NA	NA	NA	NA
NC_045512.2	28408	A	G	1393	430	34	2	1	39	0.00143369	1395	0.500269	FALSE	NA	NA	NA	NA	NA
NC_045512.2	28409	C	T	1385	431	39	1	0	38	0.000721501	1386	0.750271	FALSE	NA	NA	NA	NA	NA
NC_045512.2	28421	G	T	1390	694	55	2	1	35	0.00143678	1392	0.50027	FALSE	NA	NA	NA	NA	NA
NC_045512.2	28423	G	T	1389	694	52	2	1	40	0.00143781	1391	0.25009	FALSE	NA	NA	NA	NA	NA
NC_045512.2	28429	G	A	1388	699	51	2	1	58	0.00143885	1390	0.25009	FALSE	NA	NA	NA	NA	NA
NC_045512.2	28430	T	C	1378	696	49	3	2	36	0.00217234	1381	0.312636	FALSE	NA	NA	NA	NA	NA
NC_045512.2	28432	C	T	1385	702	49	1	0	76	0.000721501	1386	0.50018	FALSE	NA	NA	NA	NA	NA
NC_045512.2	28435	C	T	1383	703	50	2	0	52	0.00144404	1385	0.25009	FALSE	NA	NA	NA	NA	NA
NC_045512.2	28443	C	T	4911	2373	42	7	4	57	0.00142334	4918	0.00780138	TRUE	NA	NA	NA	NA	NA
NC_045512.2	28444	T	C	4910	2372	40	6	2	71	0.0012205	4916	0.0156107	FALSE	NA	NA	NA	NA	NA
NC_045512.2	28445	C	T	4917	2376	43	2	1	31	0.000406587	4919	0.890744	FALSE	NA	NA	NA	NA	NA
NC_045512.2	28446	A	G	4912	2371	39	1	0	70	0.000203542	4913	0.500051	FALSE	NA	NA	NA	NA	NA
NC_045512.2	28448	C	T	4916	2377	43	1	0	22	0.000203376	4917	1	FALSE	NA	NA	NA	NA	NA
NC_045512.2	28450	T	C	4917	2376	35	1	1	78	0.000203335	4918	0.500051	FALSE	NA	NA	NA	NA	NA
NC_045512.2	28452	G	A	4910	2369	43	3	1	45	0.000610625	4913	0.125	FALSE	NA	NA	NA	NA	NA
NC_045512.2	28454	A	G	4916	2376	35	1	0	77	0.000203376	4917	0.500051	FALSE	NA	NA	NA	NA	NA
NC_045512.2	28458	A	G	4917	2380	42	4	2	37	0.000812843	4921	0.636886	FALSE	NA	NA	NA	NA	NA
NC_045512.2	28467	A	T	4921	2394	44	2	1	35	0.000406256	4923	0.890744	FALSE	NA	NA	NA	NA	NA
NC_045512.2	28471	C	T	4964	2441	42	2	1	38	0.000402739	4966	0.890743	FALSE	NA	NA	NA	NA	NA
NC_045512.2	28476	G	A	4966	2440	39	2	1	35	0.000402576	4968	0.890743	FALSE	NA	NA	NA	NA	NA
NC_045512.2	28477	A	G	4978	2463	39	2	1	39	0.000401606	4980	0.890743	FALSE	NA	NA	NA	NA	NA
NC_045512.2	28478	G	A	4961	2708	37	1	1	39	0.000201532	4962	0.968797	FALSE	NA	NA	NA	NA	NA
NC_045512.2	28480	A	G	4949	2710	34	2	1	37	0.000403959	4951	0.890743	FALSE	NA	NA	NA	NA	NA
NC_045512.2	28482	A	G	4973	2726	35	1	1	76	0.000201045	4974	0.50005	FALSE	NA	NA	NA	NA	NA
NC_045512.2	28483	A	G	4968	2726	37	3	1	37	0.0006035	4971	0.773603	FALSE	NA	NA	NA	NA	NA
NC_045512.2	28484	G	A	4864	2617	37	1	1	21	0.00020555	4865	1	FALSE	NA	NA	NA	NA	NA
NC_045512.2	28485	G	A	4979	2756	40	1	1	22	0.000200803	4980	1	FALSE	NA	NA	NA	NA	NA
NC_045512.2	28487	G	C	5001	2777	39	2	1	40	0.00039976	5003	0.250025	FALSE	NA	NA	NA	NA	NA
NC_045512.2	28490	C	T	5026	2785	38	2	1	35	0.000397772	5028	0.937598	FALSE	NA	NA	NA	NA	NA
NC_045512.2	28491	C	T	5023	2787	39	2	1	35	0.00039801	5025	0.937598	FALSE	NA	NA	NA	NA	NA
NC_045512.2	28496	A	G	5029	2788	36	1	0	77	0.000198807	5030	0.50005	FALSE	NA	NA	NA	NA	NA
NC_045512.2	28498	C	T	5027	2791	38	1	1	39	0.000198886	5028	0.984408	FALSE	NA	NA	NA	NA	NA
NC_045512.2	28501	C	T	5026	2792	39	2	1	33	0.000397772	5028	0.937598	FALSE	NA	NA	NA	NA	NA
NC_045512.2	28502	A	G	5022	2788	34	4	2	37	0.000795862	5026	0.74629	FALSE	NA	NA	NA	NA	NA
NC_045512.2	28504	T	C	5026	2791	37	1	1	22	0.000198926	5027	1	FALSE	NA	NA	NA	NA	NA
NC_045512.2	28512	C	T	5025	2802	41	1	0	29	0.000198886	5028	1	FALSE	NA	NA	NA	NA	NA
NC_045512.2	28512	C	G	5025	2802	41	2	1	37	0.000397772	5028	0.937565	FALSE	NA	NA	NA	NA	NA
NC_045512.2	28513	A	G	4989	2784	35	39	19	35	0.00775656	5028	6.66279e-08	TRUE	NA	NA	NA	NA	NA
NC_045512.2	28517	G	C	5027	2807	40	2	1	40	0.000397693	5029	0.250025	FALSE	NA	NA	NA	NA	NA
NC_045512.2	28518	A	G	5010	2791	35	3	2	40	0.000598444	5013	0.125	FALSE	NA	NA	NA	NA	NA
NC_045512.2	28519	C	T	5007	2798	39	6	3	39	0.00119665	5014	0.5	FALSE	NA	NA	NA	NA	NA
NC_045512.2	28519	C	G	5007	2798	39	1	0	32	0.000199442	5014	0.984352	FALSE	NA	NA	NA	NA	NA
NC_045512.2	28520	C	T	5018	2801	41	2	1	33	0.000398406	5020	0.937598	FALSE	NA	NA	NA	NA	NA
NC_045512.2	28521	A	G	4939	2778	35	2	1	38	0.000404776	4941	0.890744	FALSE	NA	NA	NA	NA	NA
NC_045512.2	28522	A	T	4940	2779	38	1	1	41	0.000202347	4942	0.5	FALSE	NA	NA	NA	NA	NA
NC_045512.2	28522	A	G	4940	2779	38	1	0	20	0.000202347	4942	1	FALSE	NA	NA	NA	NA	NA
NC_045512.2	28525	T	C	4941	2782	34	2	1	37	0.000404613	4943	0.890744	FALSE	NA	NA	NA	NA	NA
NC_045512.2	28527	G	A	4936	2781	39	4	2	36	0.000809717	4940	0.636885	FALSE	NA	NA	NA	NA	NA
NC_045512.2	28528	C	T	4928	2785	39	1	0	20	0.000202881	4929	1	FALSE	NA	NA	NA	NA	NA
NC_045512.2	28530	A	G	4927	2777	34	3	1	35	0.000608519	4930	0.773604	FALSE	NA	NA	NA	NA	NA
NC_045512.2	28531	C	T	4923	2780	37	2	1	41	0.000405762	4929	0.249822	FALSE	NA	NA	NA	NA	NA
NC_045512.2	28531	C	G	4923	2780	37	4	2	31	0.000811524	4929	0.636663	FALSE	NA	NA	NA	NA	NA
NC_045512.2	28533	A	G	4922	2772	32	3	2	35	0.000609137	4925	0.773604	FALSE	NA	NA	NA	NA	NA
NC_045512.2	28534	C	T	4934	2784	40	1	0	73	0.000202634	4935	0.500051	FALSE	NA	NA	NA	NA	NA
NC_045512.2	28535	C	T	4933	2784	38	1	0	20	0.000202675	4934	1	FALSE	NA	NA	NA	NA	NA
NC_045512.2	28536	G	A	4930	2780	38	2	1	34	0.000405515	4932	0.890744	FALSE	NA	NA	NA	NA	NA
NC_045512.2	28538	A	G	4931	2781	40	2	1	31	0.000405433	4933	0.890744	FALSE	NA	NA	NA	NA	NA
NC_045512.2	28542	C	T	4928	2783	39	2	1	37	0.00040568	4930	0.890744	FALSE	NA	NA	NA	NA	NA
NC_045512.2	28555	T	C	1821	824	36	1	1	21	0.000548847	1822	0.999998	FALSE	NA	NA	NA	NA	NA
NC_045512.2	28558	T	C	1816	825	34	2	1	38	0.00110011	1818	0.500206	FALSE	NA	NA	NA	NA	NA
NC_045512.2	28568	G	A	1814	822	39	8	4	33	0.00439078	1822	0.019454	FALSE	NA	NA	NA	NA	NA
NC_045512.2	28569	G	A	1817	823	40	2	1	37	0.00109951	1819	0.500206	FALSE	NA	NA	NA	NA	NA
NC_045512.2	28572	A	G	1820	832	40	4	2	34	0.00219298	1824	0.1875	FALSE	NA	NA	NA	NA	NA
NC_045512.2	28577	A	G	1851	850	36	2	1	37	0.00107933	1853	0.500202	FALSE	NA	NA	NA	NA	NA
NC_045512.2	28580	G	T	1852	851	38	2	1	38	0.00107875	1854	0.500202	FALSE	NA	NA	NA	NA	NA
NC_045512.2	28584	T	C	1847	853	37	2	1	37	0.00108167	1849	0.500203	FALSE	NA	NA	NA	NA	NA
NC_045512.2	28606	C	T	1843	862	38	1	0	20	0.000542299	1844	0.999998	FALSE	NA	NA	NA	NA	NA
NC_045512.2	28612	A	G	1749	766	28	2	1	41	0.0011422	1751	0.250071	FALSE	NA	NA	NA	NA	NA
NC_045512.2	28616	A	G	1843	860	39	2	1	35	0.00108401	1845	0.500203	FALSE	NA	NA	NA	NA	NA
NC_045512.2	28628	G	T	1812	906	43	2	1	40	0.00110254	1814	0.250069	FALSE	NA	NA	NA	NA	NA
NC_045512.2	28635	T	C	1807	910	43	2	1	28	0.00110558	1809	0.999981	FALSE	NA	NA	NA	NA	NA
NC_045512.2	28640	T	C	1803	911	36	4	2	41	0.00221361	1807	0.0624654	FALSE	NA	NA	NA	NA	NA
NC_045512.2	28648	T	C	1805	912	38	3	1	40	0.00165929	1808	0.125	FALSE	NA	NA	NA	NA	NA
NC_045512.2	28654	A	G	2608	1072	41	2	1	36	0.000765697	2612	0.687428	FALSE	NA	NA	NA	NA	NA
NC_045512.2	28654	A	C	2608	1072	41	2	1	37	0.000765697	2612	0.687428	FALSE	NA	NA	NA	NA	NA
NC_045512.2	28657	C	T	2596	1072	37	4	2	34	0.00153846	2600	0.34384	FALSE	NA	NA	NA	NA	NA
NC_045512.2	28658	G	A	2607	1072	37	2	1	36	0.000766577	2609	0.687716	FALSE	NA	NA	NA	NA	NA
NC_045512.2	28664	A	G	2608	1070	37	2	1	38	0.000766284	2610	0.687716	FALSE	NA	NA	NA	NA	NA
NC_045512.2	28667	T	C	2609	1074	34	2	1	39	0.00076599	2611	0.687716	FALSE	NA	NA	NA	NA	NA
NC_045512.2	28670	G	A	2607	1069	40	2	1	39	0.000766577	2609	0.687716	FALSE	NA	NA	NA	NA	NA
NC_045512.2	28674	C	T	2591	1073	37	2	1	33	0.000771307	2593	0.687717	FALSE	NA	NA	NA	NA	NA
NC_045512.2	28677	C	T	2588	1123	40	1	0	20	0.00038625	2589	1	FALSE	NA	NA	NA	NA	NA
NC_045512.2	28681	G	T	2609	1134	36	1	0	35	0.000383142	2610	0.875144	FALSE	NA	NA	NA	NA	NA
NC_045512.2	28688	T	A	2600	1149	36	2	1	33	0.00076864	2602	0.687716	FALSE	NA	NA	NA	NA	NA
NC_045512.2	28695	C	T	2579	1149	37	6	2	42	0.00232019	2586	0.0155797	FALSE	NA	NA	NA	NA	NA
NC_045512.2	28695	C	A	2579	1149	37	1	1	82	0.000386698	2586	0.499516	FALSE	NA	NA	NA	NA	NA
NC_045512.2	28700	A	G	2595	1154	37	1	0	41	0.000385208	2596	0.500096	FALSE	NA	NA	NA	NA	NA
NC_045512.2	28713	G	A	2614	1386	42	1	1	36	0.000382409	2615	0.875143	FALSE	NA	NA	NA	NA	NA
NC_045512.2	28714	C	T	2497	1326	45	103	77	36	0.0396154	2600	5.19178e-29	TRUE	NA	NA	NA	NA	NA
NC_045512.2	28718	C	T	2576	1410	42	3	1	33	0.00116234	2581	0.499818	FALSE	NA	NA	NA	NA	NA
NC_045512.2	28718	C	A	2576	1410	42	2	1	32	0.000774893	2581	0.687282	FALSE	NA	NA	NA	NA	NA
NC_045512.2	28719	G	A	2563	1399	43	11	6	32	0.0042735	2574	0.0111694	FALSE	NA	NA	NA	NA	NA
NC_045512.2	28720	C	T	2573	1421	43	1	0	72	0.0003885	2574	0.500097	FALSE	NA	NA	NA	NA	NA
NC_045512.2	28727	G	A	2567	1425	46	1	1	34	0.000389408	2568	0.875146	FALSE	NA	NA	NA	NA	NA
NC_045512.2	28728	C	A	2559	1429	44	2	1	38	0.000780945	2561	0.68772	FALSE	NA	NA	NA	NA	NA
NC_045512.2	28730	A	C	2559	1425	38	1	0	76	0.000390625	2560	0.500098	FALSE	NA	NA	NA	NA	NA
NC_045512.2	28731	A	T	2557	1426	44	1	1	79	0.00039093	2558	0.500098	FALSE	NA	NA	NA	NA	NA
NC_045512.2	28733	A	G	2560	1427	39	2	1	40	0.00078064	2562	0.250049	FALSE	NA	NA	NA	NA	NA
NC_045512.2	28736	G	A	2555	1425	46	2	1	34	0.000782167	2557	0.68772	FALSE	NA	NA	NA	NA	NA
NC_045512.2	28738	T	C	2553	1432	41	6	1	64	0.00234467	2559	0.0155975	FALSE	NA	NA	NA	NA	NA
NC_045512.2	28740	C	T	2550	1432	43	2	1	29	0.000783699	2552	1	FALSE	NA	NA	NA	NA	NA
NC_045512.2	28747	G	A	3843	1944	42	2	1	34	0.000520156	3845	0.812663	FALSE	NA	NA	NA	NA	NA
NC_045512.2	28760	C	T	1744	777	45	1	0	34	0.000573066	1745	0.750215	FALSE	NA	NA	NA	NA	NA
NC_045512.2	28767	C	T	1750	779	47	2	2	73	0.00114155	1752	0.250071	FALSE	NA	NA	NA	NA	NA
NC_045512.2	28769	A	G	1741	787	44	1	1	81	0.000574053	1742	0.500144	FALSE	NA	NA	NA	NA	NA
NC_045512.2	28772	T	C	1739	795	45	3	1	33	0.00172216	1742	0.312608	FALSE	NA	NA	NA	NA	NA
NC_045512.2	28775	C	T	1736	804	44	2	1	35	0.00115075	1738	0.500216	FALSE	NA	NA	NA	NA	NA
NC_045512.2	28776	C	T	1741	803	46	2	1	35	0.00114613	1745	0.499785	FALSE	NA	NA	NA	NA	NA
NC_045512.2	28776	C	A	1741	803	46	2	1	35	0.00114613	1745	0.499785	FALSE	NA	NA	NA	NA	NA
NC_045512.2	28778	A	G	1745	966	38	1	0	41	0.000572738	1746	0.500143	FALSE	NA	NA	NA	NA	NA
NC_045512.2	28780	A	G	1743	968	40	1	1	37	0.000573394	1744	0.750215	FALSE	NA	NA	NA	NA	NA
NC_045512.2	28781	G	T	1736	966	39	2	1	36	0.00115075	1738	0.500216	FALSE	NA	NA	NA	NA	NA
NC_045512.2	28788	A	G	1714	964	31	1	0	41	0.00058309	1715	0.500146	FALSE	NA	NA	NA	NA	NA
NC_045512.2	28790	G	A	1694	949	36	1	0	21	0.000589971	1695	0.999993	FALSE	NA	NA	NA	NA	NA
NC_045512.2	28791	C	T	1718	1086	45	1	1	33	0.000581734	1719	0.750218	FALSE	NA	NA	NA	NA	NA
NC_045512.2	28796	G	A	1642	1057	43	1	0	33	0.000608643	1643	0.750228	FALSE	NA	NA	NA	NA	NA
NC_045512.2	28797	G	A	1639	1057	43	2	1	38	0.00121877	1641	0.500229	FALSE	NA	NA	NA	NA	NA
NC_045512.2	28817	G	A	1456	1022	43	78	52	37	0.0508475	1534	5.0994e-23	TRUE	NA	NA	NA	NA	NA
NC_045512.2	28820	T	A	1550	1094	42	2	1	29	0.00128866	1552	0.999868	FALSE	NA	NA	NA	NA	NA
NC_045512.2	28821	C	T	1549	1096	44	1	1	38	0.000645161	1550	0.750242	FALSE	NA	NA	NA	NA	NA
NC_045512.2	28827	G	A	5152	2972	39	15	9	33	0.00290304	5167	0.0206196	FALSE	NA	NA	NA	NA	NA
NC_045512.2	28828	T	C	5151	2981	38	2	1	39	0.000388123	5153	0.937596	FALSE	NA	NA	NA	NA	NA
NC_045512.2	28829	T	C	5123	2983	39	3	1	47	0.000585252	5126	0.125	FALSE	NA	NA	NA	NA	NA
NC_045512.2	28833	C	T	3894	2046	40	2	1	35	0.000513347	3896	0.81266	FALSE	NA	NA	NA	NA	NA
NC_045512.2	28834	A	G	3891	2039	37	2	1	37	0.000513743	3893	0.812661	FALSE	NA	NA	NA	NA	NA
NC_045512.2	28836	C	T	3895	2047	40	1	0	31	0.000256674	3896	0.93758	FALSE	NA	NA	NA	NA	NA
NC_045512.2	28838	C	T	3897	2047	40	2	1	34	0.000512952	3899	0.81266	FALSE	NA	NA	NA	NA	NA
NC_045512.2	28839	G	A	3898	2045	40	2	1	37	0.000512821	3900	0.81266	FALSE	NA	NA	NA	NA	NA
NC_045512.2	28840	T	C	3898	2048	33	1	1	40	0.000256476	3899	0.500064	FALSE	NA	NA	NA	NA	NA
NC_045512.2	28842	G	T	3892	2039	41	2	1	41	0.000513611	3894	0.250032	FALSE	NA	NA	NA	NA	NA
NC_045512.2	28843	T	C	3901	2049	36	1	0	28	0.000256279	3902	1	FALSE	NA	NA	NA	NA	NA
NC_045512.2	28844	C	T	3898	2050	39	1	0	20	0.000256476	3899	1	FALSE	NA	NA	NA	NA	NA
NC_045512.2	28845	G	C	3892	2040	40	1	0	37	0.000256739	3895	0.937516	FALSE	NA	NA	NA	NA	NA
NC_045512.2	28845	G	A	3892	2040	40	2	2	68	0.000513479	3895	0.249968	FALSE	NA	NA	NA	NA	NA
NC_045512.2	28846	C	G	3897	2051	40	1	0	81	0.000256542	3898	0.500064	FALSE	NA	NA	NA	NA	NA
NC_045512.2	28847	A	G	3753	2047	34	2	1	37	0.000532623	3755	0.812666	FALSE	NA	NA	NA	NA	NA
NC_045512.2	28848	A	G	3900	2049	36	2	1	41	0.000512558	3902	0.250032	FALSE	NA	NA	NA	NA	NA
NC_045512.2	28849	C	T	3894	2051	41	2	1	34	0.000513347	3896	0.81266	FALSE	NA	NA	NA	NA	NA
NC_045512.2	28856	A	T	3894	2048	35	1	1	37	0.000256739	3895	0.93758	FALSE	NA	NA	NA	NA	NA
NC_045512.2	28861	T	C	3872	2032	41	2	1	39	0.000516262	3874	0.812661	FALSE	NA	NA	NA	NA	NA
NC_045512.2	28864	A	G	3907	2059	37	5	3	39	0.00127812	3912	0.363351	FALSE	NA	NA	NA	NA	NA
NC_045512.2	28868	C	A	3894	2068	40	2	2	31	0.000513347	3896	0.81266	FALSE	NA	NA	NA	NA	NA
NC_045512.2	28870	A	G	3906	2148	35	2	1	35	0.000511771	3908	0.81266	FALSE	NA	NA	NA	NA	NA
NC_045512.2	28872	G	T	3896	2143	39	2	1	31	0.000512558	3902	0.81234	FALSE	NA	NA	NA	NA	NA
NC_045512.2	28872	G	C	3896	2143	39	2	1	40	0.000512558	3902	0.249776	FALSE	NA	NA	NA	NA	NA
NC_045512.2	28872	G	A	3896	2143	39	2	1	34	0.000512558	3902	0.81234	FALSE	NA	NA	NA	NA	NA
NC_045512.2	28873	C	T	3900	2150	40	2	1	36	0.000512558	3902	0.81266	FALSE	NA	NA	NA	NA	NA
NC_045512.2	28875	G	A	3901	2147	39	3	2	37	0.000768443	3904	0.65643	FALSE	NA	NA	NA	NA	NA
NC_045512.2	28877	A	G	3901	2149	29	1	1	41	0.000256279	3902	0.500064	FALSE	NA	NA	NA	NA	NA
NC_045512.2	28881	G	T	0	0	0	2	1	32	0.000520021	3846	1.35176e-06	TRUE	NA	NA	NA	NA	NA
NC_045512.2	28881	G	A	0	0	0	3844	2141	38	0.99948	3846	0	TRUE	NA	NA	NA	NA	NA
NC_045512.2	28882	G	A	2	1	40	3824	2133	37	0.999477	3826	0	TRUE	NA	NA	NA	NA	NA
NC_045512.2	28883	G	C	2	1	37	3829	2139	37	0.999478	3831	0	TRUE	NA	NA	NA	NA	NA
NC_045512.2	28888	T	C	3843	2147	40	3	2	34	0.000780031	3846	0.656433	FALSE	NA	NA	NA	NA	NA
NC_045512.2	28892	C	T	3834	2148	38	2	1	36	0.000521376	3836	0.812663	FALSE	NA	NA	NA	NA	NA
NC_045512.2	28896	C	T	3146	2146	37	1	1	38	0.000317763	3147	0.937599	FALSE	NA	NA	NA	NA	NA
NC_045512.2	28901	A	G	3135	2144	38	1	1	25	0.000318878	3136	1	FALSE	NA	NA	NA	NA	NA
NC_045512.2	28905	C	T	3135	2146	40	2	1	32	0.000637552	3137	0.812699	FALSE	NA	NA	NA	NA	NA
NC_045512.2	28909	C	G	3136	2146	39	1	1	37	0.000318776	3137	0.9376	FALSE	NA	NA	NA	NA	NA
NC_045512.2	28910	A	G	3132	2143	28	2	1	39	0.000638162	3134	0.812699	FALSE	NA	NA	NA	NA	NA
NC_045512.2	28911	A	G	3132	2142	38	1	0	32	0.000319183	3133	0.9376	FALSE	NA	NA	NA	NA	NA
NC_045512.2	28913	G	A	3134	2143	40	1	1	29	0.000318979	3135	1	FALSE	NA	NA	NA	NA	NA
NC_045512.2	28915	C	T	3133	2144	39	4	2	32	0.0012751	3137	0.500174	FALSE	NA	NA	NA	NA	NA
NC_045512.2	28916	G	T	3133	2144	39	2	1	36	0.000637552	3137	0.8125	FALSE	NA	NA	NA	NA	NA
NC_045512.2	28916	G	A	3133	2144	39	2	1	29	0.000637552	3137	1	FALSE	NA	NA	NA	NA	NA
NC_045512.2	28945	T	C	523	5	31	1	0	27	0.0019084	524	0.984687	FALSE	NA	NA	NA	NA	NA
NC_045512.2	28947	A	G	681	5	33	1	0	40	0.00146413	683	0.5	FALSE	NA	NA	NA	NA	NA
NC_045512.2	28947	A	C	681	5	33	1	0	21	0.00146413	683	0.992307	FALSE	NA	NA	NA	NA	NA
NC_045512.2	28958	C	A	0	0	0	691	6	33	1	691	0	TRUE	NA	NA	NA	NA	NA
NC_045512.2	28964	G	A	691	6	38	4	0	36	0.0057554	695	0.0624097	FALSE	NA	NA	NA	NA	NA
NC_045512.2	28969	C	T	699	6	40	1	0	34	0.00142857	700	0.500357	FALSE	NA	NA	NA	NA	NA
NC_045512.2	28969	C	-A	699	6	40	1	0	20	0.00142857	700	0.996172	FALSE	NA	NA	NA	NA	NA
NC_045512.2	29003	C	T	704	367	72	1	1	74	0.00141844	705	0.500355	FALSE	NA	NA	NA	NA	NA
NC_045512.2	29013	C	T	3016	1427	45	2	0	32	0.000662691	3018	0.812707	FALSE	NA	NA	NA	NA	NA
NC_045512.2	29025	C	G	2999	1421	47	2	1	38	0.000666445	3001	0.812708	FALSE	NA	NA	NA	NA	NA
NC_045512.2	29029	T	C	2984	1428	44	1	0	68	0.000335008	2985	0.500084	FALSE	NA	NA	NA	NA	NA
NC_045512.2	29038	T	C	2995	1437	41	2	1	40	0.000667334	2997	0.250042	FALSE	NA	NA	NA	NA	NA
NC_045512.2	29044	G	A	3046	1435	47	1	1	22	0.000328192	3047	1	FALSE	NA	NA	NA	NA	NA
NC_045512.2	29045	C	T	3032	1443	47	2	1	35	0.000659196	3034	0.812706	FALSE	NA	NA	NA	NA	NA
NC_045512.2	29046	C	T	3027	1450	46	2	1	40	0.000660284	3029	0.250041	FALSE	NA	NA	NA	NA	NA
NC_045512.2	29047	T	C	3031	1444	41	2	1	39	0.000659413	3033	0.812706	FALSE	NA	NA	NA	NA	NA
NC_045512.2	29048	C	T	2984	1689	35	2	0	30	0.000669792	2986	0.687688	FALSE	NA	NA	NA	NA	NA
NC_045512.2	29049	G	T	2763	1454	31	1	1	25	0.000361795	2764	1	FALSE	NA	NA	NA	NA	NA
NC_045512.2	29051	C	-A	2939	1677	40	2	0	20	0.000680504	2939	1	FALSE	NA	NA	NA	NA	NA
NC_045512.2	29054	A	T	2948	1682	41	1	1	36	0.000339098	2949	0.875127	FALSE	NA	NA	NA	NA	NA
NC_045512.2	29057	C	T	2913	1683	37	2	1	38	0.000686106	2915	0.687693	FALSE	NA	NA	NA	NA	NA
NC_045512.2	29060	A	G	2724	1486	33	1	1	57	0.000366972	2725	0.500092	FALSE	NA	NA	NA	NA	NA
NC_045512.2	29061	C	T	2925	1707	40	3	2	40	0.00102354	2931	0.124808	FALSE	NA	NA	NA	NA	NA
NC_045512.2	29061	C	G	2925	1707	40	3	1	37	0.00102354	2931	0.49968	FALSE	NA	NA	NA	NA	NA
NC_045512.2	29064	C	T	2910	1711	39	5	3	37	0.00171527	2915	0.226562	FALSE	NA	NA	NA	NA	NA
NC_045512.2	29068	T	A	2915	1713	38	1	0	41	0.000342936	2916	0.500086	FALSE	NA	NA	NA	NA	NA
NC_045512.2	29069	A	G	2919	1711	39	2	1	41	0.000684697	2921	0.250043	FALSE	NA	NA	NA	NA	NA
NC_045512.2	29074	A	G	2910	1709	37	2	1	35	0.000686813	2912	0.687693	FALSE	NA	NA	NA	NA	NA
NC_045512.2	29077	C	A	2908	1714	41	1	0	29	0.000343761	2909	1	FALSE	NA	NA	NA	NA	NA
NC_045512.2	29082	T	C	2855	1739	35	3	2	36	0.00104969	2858	0.500164	FALSE	NA	NA	NA	NA	NA
NC_045512.2	29083	A	G	2857	1739	37	2	1	38	0.000699545	2859	0.687697	FALSE	NA	NA	NA	NA	NA
NC_045512.2	29085	C	T	2857	1741	40	2	1	38	0.000699545	2859	0.687697	FALSE	NA	NA	NA	NA	NA
NC_045512.2	29087	C	G	2858	1741	40	2	1	40	0.000699301	2860	0.250044	FALSE	NA	NA	NA	NA	NA
NC_045512.2	29089	A	G	2857	1738	38	1	1	23	0.000349895	2858	1	FALSE	NA	NA	NA	NA	NA
NC_045512.2	29090	G	T	2850	1735	40	1	1	39	0.000350754	2851	0.875132	FALSE	NA	NA	NA	NA	NA
NC_045512.2	29092	T	G	2856	1740	41	3	2	50	0.00104932	2859	0.125	FALSE	NA	NA	NA	NA	NA
NC_045512.2	29112	A	G	946	456	39	2	1	38	0.0021097	948	0.250132	FALSE	NA	NA	NA	NA	NA
NC_045512.2	29128	T	G	960	466	41	1	1	31	0.00104058	961	0.50026	FALSE	NA	NA	NA	NA	NA
NC_045512.2	29153	C	A	943	492	38	3	1	41	0.00317125	946	0.125	FALSE	NA	NA	NA	NA	NA
NC_045512.2	29155	A	T	945	490	38	2	1	35	0.00211193	947	0.250132	FALSE	NA	NA	NA	NA	NA
NC_045512.2	29156	G	A	947	492	37	1	1	24	0.00105485	948	0.999052	FALSE	NA	NA	NA	NA	NA
NC_045512.2	29173	T	C	911	504	38	1	0	41	0.00109649	912	0.500274	FALSE	NA	NA	NA	NA	NA
NC_045512.2	29176	G	T	902	497	39	2	1	35	0.00221239	904	0.250138	FALSE	NA	NA	NA	NA	NA
NC_045512.2	29177	C	A	909	508	40	2	1	37	0.00219539	911	0.250137	FALSE	NA	NA	NA	NA	NA
NC_045512.2	29178	C	T	900	508	37	5	1	30	0.00552486	905	0.0311635	FALSE	NA	NA	NA	NA	NA
NC_045512.2	29186	G	A	892	511	40	2	1	34	0.00223714	894	0.25014	FALSE	NA	NA	NA	NA	NA
NC_045512.2	29197	C	T	1082	602	39	2	1	35	0.00184502	1084	0.500346	FALSE	NA	NA	NA	NA	NA
NC_045512.2	29245	C	T	233	129	39	2	1	32	0.00851064	235	0.250533	FALSE	NA	NA	NA	NA	NA
NC_045512.2	29301	A	G	36	19	48	1	1	37	0.027027	37	0.506849	FALSE	NA	NA	NA	NA	NA
NC_045512.2	29358	C	T	37	24	38	1	1	36	0.0263158	38	0.506667	FALSE	NA	NA	NA	NA	NA
NC_045512.2	29364	C	T	33	22	40	1	1	39	0.0294118	34	0.507463	FALSE	NA	NA	NA	NA	NA
NC_045512.2	29393	A	G	2849	1168	39	2	1	36	0.000701508	2851	0.687697	FALSE	NA	NA	NA	NA	NA
NC_045512.2	29396	A	G	2846	1163	39	1	0	39	0.000351247	2847	0.875132	FALSE	NA	NA	NA	NA	NA
NC_045512.2	29401	T	C	2854	1169	39	2	1	33	0.00070028	2856	0.687697	FALSE	NA	NA	NA	NA	NA
NC_045512.2	29405	G	A	2855	1170	39	1	0	41	0.00035014	2856	0.500088	FALSE	NA	NA	NA	NA	NA
NC_045512.2	29406	A	C	2841	1161	39	10	5	38	0.00350754	2851	0.0192164	FALSE	NA	NA	NA	NA	NA
NC_045512.2	29408	A	G	2843	1166	40	11	5	39	0.00385424	2854	0.0111754	FALSE	NA	NA	NA	NA	NA
NC_045512.2	29413	A	G	2851	1170	40	1	0	36	0.000350631	2852	0.875131	FALSE	NA	NA	NA	NA	NA
NC_045512.2	29420	C	T	2847	1181	39	8	4	37	0.0028021	2855	0.054595	FALSE	NA	NA	NA	NA	NA
NC_045512.2	29423	C	T	2880	1212	40	1	0	37	0.000347102	2881	0.87513	FALSE	NA	NA	NA	NA	NA
NC_045512.2	29429	C	T	2884	1215	40	2	1	34	0.000693001	2886	0.687695	FALSE	NA	NA	NA	NA	NA
NC_045512.2	29430	A	G	2887	1214	40	5	2	41	0.00172891	2892	0.031223	FALSE	NA	NA	NA	NA	NA
NC_045512.2	29436	A	G	2884	1216	40	3	2	33	0.00103914	2887	0.500162	FALSE	NA	NA	NA	NA	NA
NC_045512.2	29438	C	T	2884	1227	40	5	2	35	0.0017307	2889	0.226562	FALSE	NA	NA	NA	NA	NA
NC_045512.2	29440	G	A	2881	1219	40	4	2	38	0.00138648	2885	0.343831	FALSE	NA	NA	NA	NA	NA
NC_045512.2	29451	C	G	2858	1460	45	1	1	82	0.000349773	2859	0.500087	FALSE	NA	NA	NA	NA	NA
NC_045512.2	29453	C	T	2862	1463	45	1	0	20	0.000349284	2863	1	FALSE	NA	NA	NA	NA	NA
NC_045512.2	29454	T	C	2862	1467	46	1	0	27	0.000349284	2863	1	FALSE	NA	NA	NA	NA	NA
NC_045512.2	29456	C	T	2853	1467	46	2	1	40	0.000700525	2855	0.250044	FALSE	NA	NA	NA	NA	NA
NC_045512.2	29459	C	T	2839	1468	45	8	4	38	0.00280998	2847	0.0545948	FALSE	NA	NA	NA	NA	NA
NC_045512.2	29466	C	T	2844	1475	46	2	1	69	0.000702741	2846	0.250044	FALSE	NA	NA	NA	NA	NA
NC_045512.2	29473	G	T	2842	1469	46	2	1	39	0.000702988	2845	0.687566	FALSE	NA	NA	NA	NA	NA
NC_045512.2	29473	G	A	2842	1469	46	1	1	35	0.000351494	2845	0.875	FALSE	NA	NA	NA	NA	NA
NC_045512.2	29474	G	A	2833	1464	45	4	2	39	0.00140994	2837	0.343833	FALSE	NA	NA	NA	NA	NA
NC_045512.2	29477	G	A	2897	1494	45	2	2	74	0.000689893	2899	0.250043	FALSE	NA	NA	NA	NA	NA
NC_045512.2	29483	T	C	2898	1511	45	2	1	41	0.000689655	2900	0.250043	FALSE	NA	NA	NA	NA	NA
NC_045512.2	29485	C	+A	2894	1512	45	2	0	20	0.000691085	2894	1	FALSE	NA	NA	NA	NA	NA
NC_045512.2	29507	A	C	517	282	66	1	1	72	0.0019305	518	0.500483	FALSE	NA	NA	NA	NA	NA
NC_045512.2	29508	G	C	520	285	71	1	1	78	0.00191939	521	0.50048	FALSE	NA	NA	NA	NA	NA
NC_045512.2	29510	A	C	0	0	0	524	291	64	1	524	2.69116e-314	TRUE	NA	NA	NA	NA	NA
NC_045512.2	29514	C	T	522	293	71	1	1	38	0.00191205	523	0.500478	FALSE	NA	NA	NA	NA	NA
NC_045512.2	29527	G	T	512	480	40	1	1	36	0.00194932	513	0.500488	FALSE	NA	NA	NA	NA	NA
NC_045512.2	29528	G	A	503	471	39	1	1	34	0.00198413	504	0.500497	FALSE	NA	NA	NA	NA	NA
NC_045512.2	29541	C	T	488	457	41	1	1	30	0.00204499	489	0.500512	FALSE	NA	NA	NA	NA	NA
NC_045512.2	29553	G	T	488	457	35	1	1	35	0.00204082	490	0.5	FALSE	NA	NA	NA	NA	NA
NC_045512.2	29553	G	A	488	457	35	1	1	22	0.00204082	490	0.969069	FALSE	NA	NA	NA	NA	NA
NC_045512.2	29580	C	-T	379	180	38	3	0	20	0.00791557	379	0.661804	FALSE	NA	NA	NA	NA	NA
NC_045512.2	29581	T	C	370	178	39	1	0	41	0.00269542	371	0.498656	FALSE	NA	NA	NA	NA	NA
NC_045512.2	29596	A	G	380	181	36	2	1	36	0.0052356	382	0.250328	FALSE	NA	NA	NA	NA	NA
NC_045512.2	29658	A	C	128	66	42	9	9	26	0.0656934	137	0.00993886	TRUE	NA	NA	NA	NA	NA
NC_045512.2	29678	T	C	5	2	64	2	0	40	0.285714	7	0.269231	FALSE	NA	NA	NA	NA	NA
NC_045512.2	29733	C	-GAGGCCACGCGGAGTACGATCGAGTG	7	7	46	4	0	20	0.571429	7	0.138655	FALSE	NA	NA	NA	NA	NA
